.Random.seed <-
c(403L, 10L, -1197979247L, -139892157L, -210523822L, 429153764L, 
-1934326745L, 1329033341L, 270294388L, 1592070490L, -3483739L, 
1998895039L, 1986284614L, -1991910704L, 66331891L, -438910447L, 
-1584532416L, -1655850978L, 1373751017L, -664742885L, 1753775146L, 
2082824012L, -483932913L, -880883643L, 838791676L, 947494994L, 
-1992603187L, 365026183L, -746795410L, 927579720L, -1414571957L, 
57520553L, 772689144L, 1568266278L, 1268599105L, 1918863059L, 
124530306L, -166652748L, 74107959L, -61788371L, -1153438652L, 
-1933053590L, -1562939947L, 1868712815L, 2053681782L, -589847136L, 
-1860767133L, -293031167L, -1477596560L, -1363261938L, -304574855L, 
-1231660533L, 589992762L, -1659721156L, 1339664767L, 1300603605L, 
-308137236L, -1805556670L, -1202234467L, -1943555561L, -678344834L, 
1751967032L, -1532497381L, 1744862073L, 594091464L, -1329978890L, 
822031409L, 65914467L, 2036464178L, -1493751932L, -599009849L, 
1182514333L, 827980820L, 1765448378L, -1681540347L, 1064493279L, 
890567014L, 1709878512L, -560080877L, 1235848625L, -1610938272L, 
-1750727170L, 111276425L, -661363013L, 1355948682L, 1931296108L, 
-1189147921L, 1231205669L, 2117845980L, 622457266L, 172896429L, 
379191399L, -530684018L, 376344680L, 47397995L, 681371145L, -1695938408L, 
-1940360250L, -1713797343L, -675535949L, -1937847518L, 617086228L, 
751201687L, -1366239859L, 1631745188L, -1523329398L, 1363725557L, 
2249551L, -670987178L, 1372327680L, -1354462653L, -464014879L, 
1527682384L, 1536609198L, 278800729L, 1641305963L, -997759270L, 
-1006573668L, 445381535L, 2054283765L, 746034316L, -132154014L, 
-1272893123L, -1955767881L, -676651426L, 743880600L, -1067501829L, 
-1415528807L, 602236712L, -1498309162L, 1535689297L, -802367229L, 
-1474849646L, -1281791452L, -814402329L, -11196099L, 670072244L, 
-1166376422L, -341161627L, -2073430017L, 637382278L, 1445066256L, 
909307059L, -272046255L, -657470720L, 807891422L, 841652777L, 
-558474789L, 1396606698L, 2057823372L, 674966479L, -275815547L, 
-1357844420L, 1835811090L, 434177549L, 2042271047L, 1959903022L, 
-1326706040L, 1298658187L, 1519461225L, 831954232L, 2052075494L, 
913893249L, 1260502803L, 654969026L, 480879476L, 2120101751L, 
-964536211L, 847312644L, -1874115030L, 599763861L, -1898328017L, 
-1591449290L, 817367392L, 1969227683L, -66989887L, 453124272L, 
-1327042610L, -205085895L, 1044179787L, 1025229050L, -1750058500L, 
155900479L, -1080479979L, -1837122516L, 1939891458L, -291205667L, 
-1365373737L, 1377081278L, -1848458760L, -555452965L, 2006752313L, 
-2099761784L, 1985014070L, -1276284047L, 1156739491L, 1836641522L, 
-893800380L, -1941806329L, 1695658717L, 989535188L, 872569594L, 
2076360261L, 1254221471L, 263224358L, 2042288304L, -40754861L, 
196942961L, -824843872L, 2076097854L, -1604412343L, 212637947L, 
-209006390L, -421763540L, 307804719L, 29635301L, -1935439972L, 
-2134412814L, 288070765L, -727683673L, 1004328910L, 1067054376L, 
44312363L, -961237687L, 1005892184L, 583142150L, 445310689L, 
334197363L, 89340642L, 533769916L, -2108073998L, 1213168176L, 
693478308L, 1983770040L, 1869926234L, -821501808L, 12259196L, 
1372484884L, 1932290370L, -1576626944L, -966196804L, -746543792L, 
-39472862L, 486183496L, -766327796L, -1183042980L, -1794415150L, 
-1735565824L, 1601173844L, 1231113448L, -860161798L, -140117296L, 
720764716L, 176956660L, 1376664978L, 1011560800L, 1088139276L, 
173344992L, 1396020834L, -1888563032L, 2135400524L, -1038600324L, 
1907174706L, -108294544L, -1736517820L, -50238504L, -1293506694L, 
1091355696L, -622688324L, 570481236L, 2100656194L, -201701728L, 
-1177431364L, 961253328L, -2078789278L, 1348430568L, -1107735348L, 
585189884L, -158273038L, -1305577344L, -1325629964L, -1775310200L, 
1928521530L, 1381343568L, -2044755860L, 1144972692L, -411569070L, 
1200042464L, 1268478156L, 142293664L, 900102530L, -1787589400L, 
-1887137044L, -1366279876L, 862254194L, -1492009360L, -233683420L, 
101132344L, 1690785050L, -84373296L, 1198832956L, 1993375636L, 
1371438978L, -783540288L, 1641563708L, 1525352848L, 590062626L, 
152664328L, -80939892L, -1252957412L, -63973230L, -118306432L, 
1993202708L, 1161305896L, 516113978L, -32230960L, 11612524L, 
-376621132L, 866631186L, 1254400992L, 646669772L, -1869052704L, 
1559400482L, 226326312L, -1364642292L, 22745916L, -209456142L, 
1100507888L, 1313417796L, -1720736168L, -2062600390L, -2012736528L, 
-2026379588L, -1404885740L, 1532457154L, 1377934432L, 1498560892L, 
331208656L, -45885150L, -982847832L, 1476524940L, -197927748L, 
650297138L, 586302016L, -2007227212L, -1663433656L, 149019066L, 
-1109967344L, -366311188L, 621959508L, -238479598L, 1385559456L, 
421501644L, 1231885920L, -1545781310L, -1753160920L, -2018267732L, 
-114200260L, -577872014L, 1131757872L, -666808540L, 747316536L, 
-1577493798L, -1155905648L, -133623044L, 1466847124L, -466270142L, 
-1555415808L, 303410236L, -1885983408L, -1294215006L, 1130100552L, 
657504012L, -1831417124L, -1508740270L, -1776405888L, 1650038868L, 
-1647612952L, -1224640774L, 1078323536L, 1497285420L, -670775436L, 
255157138L, -629180832L, -824103028L, -841460896L, 1762527202L, 
-414679128L, 424500428L, -1075311108L, 1780280242L, -301250064L, 
1468328388L, -303488680L, -777206406L, -1595100752L, -1501360196L, 
-1459449772L, -984177726L, 1182991392L, 240737468L, -1916708272L, 
-1085571102L, -555968920L, -883008948L, 1131208956L, 1859350514L, 
-632234752L, -292407436L, -1714888696L, -2004965958L, 441777616L, 
1300890604L, 565231508L, -2070758446L, -1016924320L, -1613961908L, 
2102938912L, 33801090L, 1944566504L, 1589634284L, 303688252L, 
493767538L, -1617368464L, -1169950684L, 1664223032L, 862186650L, 
-984239408L, 1210843324L, -952904044L, 1004054146L, -1892803392L, 
254538044L, 1585246352L, 893102626L, 1218995720L, 1738227980L, 
1295864476L, 556297746L, 7269760L, -1762714092L, -1512434136L, 
623682874L, 1618855888L, -1221668244L, -819583180L, -125377902L, 
-40945312L, 570298700L, -1618841632L, -218194014L, -1273514072L, 
1793133452L, -937810244L, 614484850L, -830916368L, 612085932L, 
1305216509L, 193776967L, -606280144L, 334245710L, -995499141L, 
-468794147L, -1313061622L, 249667624L, -696707951L, -2053783421L, 
515346820L, -1433714766L, 1151828231L, 1829376849L, 1046794966L, 
-824013900L, 527463365L, -1051696369L, -1456086648L, 920482982L, 
89211987L, -296974923L, -1457165550L, 391796960L, -836440759L, 
1193324411L, -1281557940L, 1714439130L, -149681713L, -809984103L, 
-90376274L, -1112277828L, -1458604755L, -1780144425L, 446885664L, 
-1579161474L, 1164627531L, 1483662413L, 744319610L, 11109048L, 
-1875773343L, -1899574765L, 160276532L, 274603586L, 220953175L, 
1474382241L, 446958182L, 1546558052L, 39545237L, -985726273L, 
1602738776L, -1612657034L, -586624381L, 70526661L, 948311010L, 
896208464L, 888535929L, 2068353195L, -869517284L, 1595594570L, 
-1933267137L, -1749356151L, 1653895582L, -1443338164L, -428367331L, 
-458322009L, 207823568L, 646427758L, -695440613L, -658398083L, 
-631965078L, 1446628104L, -1520745551L, -184400861L, -1851921116L, 
1107618258L, -1130825177L, 392209521L, 392837814L, -1637636524L, 
1439943397L, -1172076817L, -573484504L, 1702065798L, -576421709L, 
-1265723883L, -1717839758L, -631307072L, -1244980951L, 445030299L, 
-1592493972L, -1336120198L, -1545456209L, 1120777401L, 967474894L, 
1377287196L, 1659346829L, 1654209015L, -83079936L, -594826402L, 
88751147L, -106990803L, 423600026L, -1012937384L, -241033023L, 
901078899L, -1019108204L, 419123490L, 1192046647L, -289062655L, 
-699567098L, -335523260L, -246539403L, 1268448991L, 642157112L, 
-1078328810L, -1417890269L, -1736973851L, 503705602L, 1394936432L, 
1684783129L, 1629133323L, -2111557380L, 2136419626L, 1715188575L, 
-677854487L, 1886505470L, -520776212L, 1134503229L, 1257524487L, 
929393904L, 1421865102L, 2116979387L, -1030561123L, 115045962L, 
201374824L, 1929696337L, -1802371261L, -318248380L, -682383118L, 
138695879L, 699428497L, -1855246314L, -974587276L, 184007941L, 
-348261553L, -1290166968L, -721645338L, 1520961043L, 482728309L, 
